   2.0000000e+00  -2.3435374e-01   2.8063727e-01   5.3752160e-01  -1.2929847e+00  -1.9421912e+00   1.4480139e+00   2.2345016e+00  -5.4229822e-01   6.0880772e-01   7.0483590e-01
   2.0000000e+00  -1.0080470e+00   1.4624112e-01  -7.8975816e-01   8.5738742e-01  -2.4726037e-01  -4.6995228e-01   9.4644927e-01   3.6626116e-01   8.2429849e-01  -2.2415072e+00
   2.0000000e+00  -2.2833119e-01  -6.6195732e-01   6.8116684e-01   6.7325161e-01   1.5410665e-01  -2.4421996e-01   5.3178751e-01  -1.8700548e-01  -1.2929018e-01   2.5024363e+00
   1.0000000e+00   2.1092627e-01   1.3526427e-01   5.5037823e-01   6.1267071e-01   9.2382973e-01   5.5623867e-01  -7.6021386e-01   1.4157667e-01  -2.1203274e+00  -7.0459011e-01
   2.0000000e+00  -4.4463355e-02   7.7005286e-01  -7.3381060e-01   3.5864654e-01   9.5147179e-01   3.1151276e-01  -1.0268287e+00  -7.7426938e-01   7.6144201e-01   1.6378000e-01
   2.0000000e+00  -7.0448522e-01   7.6675263e-01  -1.3168060e+00  -9.0872610e-01   4.6708563e-01   1.9391547e-01  -4.0837685e-01   5.8395806e-01  -1.0656443e+00   1.8014612e-01
   2.0000000e+00  -1.1880464e+00   1.1745302e+00   4.5747543e-01  -7.0180000e-02  -9.6425446e-01  -1.0120752e+00  -5.6267019e-01   6.5550449e-01  -1.7023534e+00   1.4102226e+00
   1.0000000e+00   1.5685763e-01  -2.2831127e-02   1.4097233e-01  -6.1371839e-02   8.2002270e-01  -4.9796449e-01  -1.4165804e-02  -4.2389280e-01   8.0163474e-01   1.4517062e+00
   1.0000000e+00   7.4822746e-01  -2.3398144e-01  -1.3240534e+00  -8.8044128e-01   5.8020474e-01   7.6079153e-01  -1.7907397e+00   1.6188028e+00   7.4000566e-01   9.8371052e-02
   2.0000000e+00   2.3661828e+00   1.2571523e+00  -1.0346193e+00  -1.6251830e+00  -2.2000938e-03   2.3106511e-01  -1.5342989e+00   1.2897350e+00  -4.8675441e-01  -6.4799922e-01
   1.0000000e+00   2.0847168e-01   1.0156027e-02  -9.3452612e-02  -1.0496588e+00   4.1901734e-01  -3.3297271e-01   3.7817718e-01   4.4333826e-01   9.5958946e-01  -1.2535479e+00
   2.0000000e+00  -2.1952405e-01   1.0309061e+00  -1.0165855e+00   2.0875795e-01   1.2423279e+00   3.1443896e-02  -9.7160238e-01  -9.6775061e-01   2.2761650e-01  -7.2886848e-01
   1.0000000e+00   7.8133539e-01  -5.8470079e-02   6.0043776e-01   1.4798170e+00  -5.6506850e-01   8.7671582e-01   7.0242603e-01  -8.8075594e-01   1.3802683e+00  -1.5576127e+00
   2.0000000e+00   1.6348204e+00  -3.9475864e-01   1.1511933e+00   1.1603430e-01   4.5808965e-01   2.9670501e-01  -4.5562535e-02  -1.3353418e-01   7.7669136e-01  -2.4651304e-01
   2.0000000e+00   2.7391367e+00   5.1674491e-01   4.8909164e-01   5.6646953e-01  -6.6415880e-01   1.8830308e+00   5.3006165e-01  -1.2461737e+00   3.3256384e-01   3.1623589e-01
   2.0000000e+00   8.8088419e-01  -1.2394543e+00  -2.1645831e+00   2.7489443e-01  -1.4860366e+00   7.9563010e-01  -4.0227116e-01   9.6388831e-01   3.8093391e-01   1.4036366e+00
   2.0000000e+00   1.1011138e+00   1.0545285e-01   1.7388283e+00   1.8212638e+00  -4.6172753e-01  -2.1279985e+00   2.1463532e+00   1.8732300e-02   1.0122784e+00  -1.9559115e+00
   2.0000000e+00   1.8986992e+00   1.1744680e-01   2.2355941e+00   1.3855521e+00   1.2711535e-01  -4.1250851e-01  -2.9242352e-01  -2.6934957e+00   1.9050091e-02  -6.2609615e-01
   2.0000000e+00  -6.1451989e-03   1.6496303e+00  -6.2815326e-01   3.1600801e+00  -7.6968590e-01   5.8900509e-01  -5.6548569e-01  -1.4259722e+00  -1.8031531e+00   1.6555574e+00
   2.0000000e+00  -1.8963154e+00  -1.7967110e+00  -3.4426606e+00  -4.4473514e-01   1.0946339e+00  -1.0400372e+00   7.5167865e-01   1.1786003e+00  -1.5161033e+00   5.5265010e-01
   2.0000000e+00   3.1430728e+00   8.0222760e-01   2.0082033e-01   2.2972503e+00   2.5970170e-01   5.4890144e-01   1.3413179e+00   8.0799175e-01   1.1195746e-01   2.9332575e-01
   2.0000000e+00  -1.1952842e+00   1.1225967e-02   2.9990262e-01  -1.1054606e-01  -4.9981905e-01   2.1378699e+00  -1.0772348e+00  -9.6967278e-01  -1.4471188e+00   7.8583908e-01
   1.0000000e+00   7.0190290e-02  -7.6820530e-01  -1.0405405e+00   1.2726494e+00  -6.7524349e-01  -1.3203488e-01   9.8109964e-01  -3.4479681e-03   1.1566291e+00   3.5459184e-01
   1.0000000e+00   9.0499705e-01  -8.8024684e-01  -1.0761647e+00   7.4151139e-01  -3.6163226e-01   1.1291694e+00   3.4111032e-01  -2.0507195e-01   2.1600555e-01  -5.4429829e-01
   2.0000000e+00  -5.7289872e-01   1.9239148e-01  -2.5757688e-02  -6.3311867e-01  -1.3036020e+00   1.0070894e+00   1.1573958e-01  -4.9737391e-01  -6.8379467e-01   1.3495674e-01
   2.0000000e+00   2.8904810e-01   3.8978538e-02   3.8949169e-01  -1.5731313e+00   2.1176319e+00   9.4616466e-01   4.0568927e-01   1.4443920e+00   1.8607150e+00  -1.0091516e+00
   2.0000000e+00   2.7194888e-01   1.0363868e+00  -8.8490188e-01   3.3732654e-01   9.7022321e-01   4.5638098e-01  -1.3836707e+00  -1.1605702e+00  -4.6395152e-01  -7.9808646e-01
   2.0000000e+00  -6.1418024e-03  -7.1598530e-01   1.2802353e+00  -4.6356714e-01  -1.5355223e-01  -1.0243602e+00  -1.5448326e+00  -8.8945861e-01   1.3335278e-01   6.3445707e-01
   1.0000000e+00   1.9632801e-01   1.9385696e-01   3.5705376e-02   4.3944562e-02   7.6732982e-03   5.1913179e-01   5.1735230e-02   4.0879556e-01  -6.5041660e-02  -1.1461259e+00
   1.0000000e+00   7.6594995e-01   1.0215148e-01  -1.2705887e+00   1.8059626e+00  -3.7248472e-01   7.7879393e-01  -4.4173395e-01   5.0196881e-01  -3.9516417e-01   2.2111707e-01
   1.0000000e+00   4.9171984e-01  -1.8821428e+00   7.0422389e-01   6.9924800e-01  -6.9489332e-02   5.4107029e-02  -1.9104299e-01   7.3145717e-01   8.5743668e-01  -1.0394475e+00
   1.0000000e+00   6.6093503e-01   1.4193323e-01   1.4970581e+00  -1.4254860e+00  -1.2673054e-01  -1.1061099e+00   5.1674963e-01   4.2190416e-01  -9.2463691e-02  -2.4536598e+00
   2.0000000e+00   1.6218622e+00   6.7246588e-01   1.7269601e+00   1.0486186e-01  -5.3715060e-01   4.9537607e-01   2.9355483e-01   4.2861646e-01   1.5838005e+00  -1.2059700e+00
   2.0000000e+00   8.2351955e-01  -7.1036299e-01   8.1981216e-01  -2.1256518e+00  -9.9802458e-01  -6.9620521e-01  -1.2992779e+00   1.7756813e+00   2.1013971e-01   1.5101575e+00
   2.0000000e+00  -1.0517012e+00   7.0093350e-01   1.2782048e-01  -2.2095657e-01   3.6270414e-01   5.4198418e-01  -8.0177599e-01  -6.7727545e-01  -8.5248085e-01   5.2490034e-01
   2.0000000e+00  -7.1784263e-01   5.6898365e-01  -9.4225384e-01   8.8600923e-01  -8.8542082e-01   1.4408882e+00   7.2943160e-01  -4.2275020e-01   6.0369622e-01  -3.8641691e-01
   1.0000000e+00   5.2307287e-02   1.2957540e+00  -3.4621056e-01  -2.5320137e+00   7.7788632e-01   1.8744215e+00   1.3709261e+00   8.0394787e-01  -8.0396322e-01   7.4566973e-01
   1.0000000e+00   4.7163475e-01   2.1238454e+00  -9.3817270e-01  -8.7560717e-01  -3.1218721e-01  -1.1908178e+00   3.6924510e-02  -9.7714768e-01   1.4105562e+00  -1.1089454e+00
   2.0000000e+00  -2.4490637e-01   1.5686430e+00  -6.9616525e-01  -1.3129779e+00  -6.1903196e-01  -1.7969381e+00  -7.4725124e-01  -1.3759826e+00   3.9630347e-01  -7.5543867e-02
   2.0000000e+00  -7.9648459e-02   7.4032889e-01   1.3148958e+00  -2.9552444e+00  -8.2159177e-01   7.4894014e-01  -1.3344588e-01   1.5351006e-01   1.9002014e+00  -1.7837733e+00
   2.0000000e+00  -4.6017752e-01   1.2501437e+00  -6.7956974e-01  -5.5129122e-01  -8.6868312e-01   3.9299612e-02   7.1674207e-01  -8.7634172e-01  -1.2257496e+00   7.2022083e-01
   2.0000000e+00  -3.1400362e-01   1.8723271e+00   7.2235710e-02   1.8557624e-01  -9.9568051e-01   1.1190639e+00   1.6443464e+00   2.4498372e-02  -8.7195212e-01   9.6786211e-01
   1.0000000e+00   3.0337123e-02   1.8854494e+00   1.3479565e-01   4.5456504e-02  -2.0710659e-01  -4.6279513e-01   9.5613952e-03  -1.6388355e+00   5.2290462e-02   9.5092208e-01
   2.0000000e+00   2.7298628e-01   1.9135850e+00  -1.3727780e+00  -1.0636028e-02   1.5700265e+00  -2.7789685e+00   1.3264372e-01   1.3273777e+00   1.2059598e+00   2.3598311e+00
   2.0000000e+00   4.6797363e-01   8.6081561e-01   4.4475857e-01  -6.7212885e-01   9.6060415e-01  -7.0375398e-01  -6.5493088e-02   2.8579774e-01   7.1457432e-01   9.0027071e-01
   2.0000000e+00  -9.4179379e-01  -8.4626237e-01   1.0553452e+00  -9.0980294e-01  -3.9382351e-01   8.2283373e-02  -1.6829538e+00  -3.6846071e-01   1.2568323e+00   1.7652778e+00
   2.0000000e+00  -5.8123372e-02   2.0004986e-01   4.4122095e-01   3.1444020e-02   1.5829824e+00   5.2229809e-01  -1.0680379e-01  -4.1796651e-01   4.8165449e-01  -2.9045290e-01
   2.0000000e+00   6.6705699e-01   5.3040001e-01   1.9161537e+00   3.9456794e-01  -1.6847300e+00  -2.3581688e-01   7.7383011e-02   1.1239891e+00   1.6726748e+00   4.4289330e-01
   2.0000000e+00  -9.3519981e-01  -3.6769876e+00   5.3838267e-01  -2.8717091e+00   1.6722755e+00  -6.3290840e-01   1.1438877e+00  -1.3478517e+00   2.0294293e-02  -2.7999298e-01
   2.0000000e+00   2.1805975e-01  -1.0024687e+00  -8.7404490e-02  -1.2499861e+00   1.4696594e+00  -5.3295590e-01  -1.7568265e-01   1.2859821e+00  -7.8141482e-01   1.3060227e-01
   2.0000000e+00  -1.0801670e+00  -1.4626669e-01  -1.1192576e+00  -1.8601099e-01   5.1846240e-01   1.0045652e+00  -1.4643453e+00   1.1947615e+00   1.3108385e+00   4.2859168e-01
   1.0000000e+00   2.7511070e-01  -4.6605283e-01  -7.3271165e-01  -1.1172993e+00   3.0179724e-01  -2.9296405e-01   1.8226990e+00   6.5202556e-03  -6.7307235e-01   6.0981539e-02
   1.0000000e+00   7.4966459e-01  -3.4210677e-01   3.4455444e-01   4.1617377e-01   6.3142092e-01   2.8190760e-02   1.0452719e+00   1.6108123e-01  -1.1810468e+00   2.0775165e-01
   2.0000000e+00  -1.9144481e+00   6.3751528e-01  -2.9222430e-02   2.3833861e-02  -2.6032056e-01   4.8092212e-01  -2.0271213e-01   2.8040866e-01  -5.2881223e-01  -6.9948140e-01
   2.0000000e+00   8.7670066e-01  -8.7904358e-01  -3.6372993e-01  -1.4605862e+00   6.9275585e-01  -1.5892617e-01  -7.9945116e-01  -2.3245790e-01   7.7391994e-01   2.5302336e-01
   2.0000000e+00  -7.4948622e-01   3.3003017e-01  -6.9618322e-01   5.9131492e-01   8.5443694e-01  -9.3832344e-01   1.1294389e+00  -2.7753527e-01  -2.9080746e-03  -4.9932071e-01
   2.0000000e+00   2.0837119e-01   5.9467334e-01  -5.6765109e-01  -3.3636275e-01   2.1582498e+00   1.5044636e+00   2.8615600e+00   1.1282954e+00  -1.9088582e-02  -1.3434153e-01
   1.0000000e+00   4.0328075e-01   3.8059310e-01   5.2783339e-01   6.4917242e-02   7.0820174e-01  -1.2601361e+00   1.5844840e-01  -3.7594074e-01  -7.6318542e-01  -1.0756420e+00
   2.0000000e+00  -1.3602369e-01   1.4855931e+00  -1.4573310e-01  -4.2758484e-01   5.1771631e-01  -4.5033455e-01   1.6082878e+00   6.1310210e-01  -4.6953461e-01   2.5197898e-01
   1.0000000e+00   8.9981806e-02   1.8051495e+00  -2.2361419e+00   2.2278121e+00   2.5737476e-01  -2.7852537e-01  -4.8349103e-01  -1.8483692e+00  -1.9233415e-01   4.6694270e-01
   2.0000000e+00  -2.0668142e+00   5.6906361e-01  -3.5961397e-01  -1.7994325e+00   5.1924152e-01   3.8180166e-01   9.7861107e-01   4.3145024e-01   1.1013998e+00   1.9026959e-01
   2.0000000e+00  -3.0045153e-01   1.4941427e+00  -1.2287024e-01   5.5237511e-01  -1.4207271e-01   6.6738282e-02   3.0175953e-01   9.6586535e-02   2.2903420e+00   1.7108425e+00
   2.0000000e+00  -1.9743716e+00  -1.5968432e+00  -1.4102747e-02   1.1530763e+00   1.3812051e+00  -1.0988622e+00  -1.5902014e+00  -1.1680972e+00  -5.7195308e-01  -1.5430819e+00
   2.0000000e+00  -2.2725115e+00   6.0930674e-01  -1.3842663e+00  -7.4698157e-01   5.9441070e-01   1.1302673e+00   4.2076544e-02  -1.2081041e+00   5.1107394e-01  -1.7660772e-01
   1.0000000e+00   1.4325706e-01  -6.2404471e-02   7.9834949e-01   2.7998850e-02  -1.6137693e-01  -5.6925424e-01   1.3764236e+00  -4.6056434e-01   2.1938033e-01   5.8938432e-01
   1.0000000e+00   3.2235042e-01   7.6298926e-01   1.4608384e+00  -2.7991218e+00  -7.8223588e-01  -8.4780968e-01  -3.4567268e-01   3.1040664e-01  -4.6974724e-01   8.8344247e-01
   2.0000000e+00   9.2249938e-01  -3.6662468e-01  -1.2554483e+00  -3.5994841e-01  -1.2880001e+00   1.0115772e+00   1.8744402e-01   2.6116434e+00  -1.1242935e+00   6.2939130e-01
   2.0000000e+00  -1.5095070e+00   1.6555873e+00  -1.0378055e+00  -1.2203679e+00   2.2814677e-01   2.6075683e-01   6.0557534e-01  -5.5340300e-01  -4.7331446e-01  -1.3291246e-01
   2.0000000e+00  -4.6814240e-01   1.0925198e+00  -1.4334452e+00   2.2167526e-01  -3.0432864e-01   1.5901119e+00  -7.1517621e-02  -2.8156712e-01   1.7820137e+00   8.8296205e-01
   2.0000000e+00  -8.7381215e-01  -1.6783928e+00   2.7579373e+00  -1.6192432e-01   1.5555584e+00  -8.6110974e-01   1.2201799e+00   5.2196254e-01   1.4082158e+00  -8.6742758e-01
   2.0000000e+00   9.3407666e-01   1.1287299e+00  -1.4031245e-01  -4.9139439e-01  -3.7286104e-01   6.1929207e-01  -2.0451647e-01   2.0808984e-01  -1.3946373e+00  -4.5188175e-03
   2.0000000e+00  -1.5304868e-01   1.8257470e+00  -2.7960276e-01   1.1065541e+00  -1.1814546e+00   1.4054550e-01  -1.9947594e+00   1.7112058e+00  -2.2174238e-01  -1.8533695e+00
   2.0000000e+00   1.4345602e+00   1.0059273e+00  -3.3407085e-02  -7.4625070e-01  -5.4867754e-01  -8.5425100e-01  -1.2487613e+00  -3.4420549e-01   1.7027358e+00  -5.7612138e-01
   2.0000000e+00  -1.1468541e+00   3.3830559e-01  -1.5061421e+00   4.0722514e-01  -7.5105249e-01   2.2875619e-01   7.6755160e-01   1.2313789e-01  -8.9057409e-01   1.0753451e+00
   1.0000000e+00   8.3420594e-01  -1.1620486e+00  -6.0891676e-01  -3.0241932e-01  -1.0268866e-01  -1.1665451e+00  -1.9661786e-01  -1.0363413e+00  -2.2845707e-01   2.3288148e-02
   2.0000000e+00  -2.0760671e+00   2.4103963e-01  -1.2116072e+00   9.2183123e-01   2.3043703e-01   1.1754327e+00   6.7419958e-01   5.3097613e-02   1.4549067e-01   1.2252491e+00
   2.0000000e+00   3.4211277e-01   1.7042127e+00   3.2588294e-01  -5.3054793e-01  -1.1010219e+00  -6.0946253e-01  -3.0965450e-01  -1.2661528e-01  -8.8791166e-01  -4.5814538e-02
   2.0000000e+00   4.7638111e-01   1.4079539e+00  -2.4933325e-01   3.1087980e-01  -1.2386864e+00   1.8234381e+00  -2.5224579e-01  -4.0890466e-01   5.0334019e-01  -6.7510744e-01
   2.0000000e+00  -3.6135975e-01   1.7702911e+00  -1.0770474e+00   2.1011107e-02  -4.4761732e-01   9.3488161e-02   4.8536924e-01   2.2617000e-01  -9.2562697e-01   1.3882396e-01
   2.0000000e+00  -1.0595673e+00   6.3217130e-02  -1.4808221e-01  -5.1598371e-01  -3.6678893e-01   1.9972228e+00  -4.0521692e-01  -7.3952186e-01  -5.6975985e-01   3.2155093e-01
   2.0000000e+00   7.6780635e-01   5.7159047e-01   5.1420898e-01  -2.1640520e-01   7.6278397e-01  -1.7736151e+00  -9.6321977e-02   4.0821385e-03  -3.0503001e-01  -3.7043990e-01
   1.0000000e+00   2.3443506e-01  -7.2417271e-01   1.2903761e+00  -1.2782548e+00  -8.8751257e-03  -1.5460752e-01  -9.4951395e-01  -3.8376218e-01   1.3898146e-01  -2.0957445e-01
   2.0000000e+00   1.0996003e+00   7.8466895e-01   2.1319190e-02   1.0017662e-04  -7.0312187e-01   8.8735287e-01   1.0366580e+00   1.8929096e+00   2.5913028e-01  -2.1108902e-01
   2.0000000e+00  -5.8429791e-01  -1.4899866e+00   1.9895701e-01   6.0872256e-01   1.2591478e+00  -2.0322808e+00  -1.2250653e+00   2.8519151e-01   1.4273076e+00   4.5776666e-01
   2.0000000e+00  -9.0638661e-01   1.3985311e+00   7.7543570e-01  -8.0666529e-01   7.1726068e-01   1.0810989e+00  -8.3228847e-01   7.3963067e-01   3.5159376e-01   6.8008629e-01
   2.0000000e+00  -2.1143313e+00  -2.1715530e+00   4.1206561e-01  -2.4962693e-01   1.3847190e-01   2.9809655e-01  -3.0643831e-01   2.0334687e-01   1.7659546e-01   6.5763631e-01
   2.0000000e+00   1.3661502e+00   8.3403842e-01  -2.0202506e+00  -5.2962710e-01  -1.3258806e+00  -5.1691581e-01  -4.2245389e-01   3.5217931e-01   2.4326304e+00  -3.5621752e-02
   2.0000000e+00  -4.8457308e-01  -7.6222672e-01   1.0578814e+00   1.4271892e+00  -6.0658778e-01  -7.0693499e-01  -5.9411854e-02   3.6588291e-02  -5.9373828e-01   8.9005082e-02
   2.0000000e+00  -2.4288038e+00   4.6564219e-01   7.0402008e-02  -1.2275668e+00  -1.0591339e+00  -5.4693260e-01   1.9820927e+00   4.1865051e-01  -9.7851866e-01   5.7609643e-01
   2.0000000e+00   1.3689082e+00   1.3013741e+00  -2.4025394e-01  -5.9428510e-01  -1.2401745e+00  -1.0432195e+00  -8.6797228e-01  -3.4538662e-01   4.4143142e-01   1.9674334e+00
   1.0000000e+00   4.2133810e-01   7.8980730e-01  -1.4328741e+00  -3.4997385e-01   7.2967612e-02  -1.4871694e+00   7.8683143e-01  -9.7272225e-02  -4.3313096e-01  -8.8205703e-01
   2.0000000e+00   8.7493965e-01   1.1458791e+00  -4.6733344e-01   3.5303836e-01   1.0815489e+00   4.0068148e-01   1.0278595e-01   1.1114440e+00   7.3320339e-01  -2.2093856e-01
   2.0000000e+00  -2.2082290e+00   9.4202545e-01   1.4431719e+00  -6.6605392e-01  -2.4708647e-01  -1.1262960e+00  -4.2147638e-01  -2.0009125e+00   3.0789402e-01   4.9095455e-01
   2.0000000e+00  -1.7465047e-02  -1.0366592e+00   1.3120452e+00   3.0860866e-01  -1.1499367e+00   8.0415515e-01  -9.0645536e-01  -5.7105498e-01  -8.3234086e-01   8.8190029e-01
   2.0000000e+00   1.8178642e+00  -1.1761547e-02   1.6154826e+00   1.0494090e+00  -4.4036635e-02   1.4070467e+00  -4.6473640e-01   6.7386653e-01  -7.8014083e-01  -3.8420218e-01
   2.0000000e+00  -3.7028642e-01  -1.0228757e+00   6.6575524e-01   1.2263021e+00   9.3503901e-01  -1.4619279e+00   1.7010122e-01   1.2343255e-01   2.1919171e+00  -3.8317175e-01
   2.0000000e+00   6.0044321e-01   2.4042438e-01  -3.5273882e-02   1.3001585e-01   2.5403987e+00  -8.9590400e-01  -2.1560210e-01  -4.8929772e-01   1.1708911e+00   2.0568729e-01
   1.0000000e+00   2.2657943e-02   1.9576404e+00  -4.4659012e-01  -9.6865152e-01   8.6901889e-01  -1.9980744e+00   3.4301561e-01   2.3622349e-01   5.8129451e-01  -9.7919207e-01
   2.0000000e+00   1.4457040e+00   8.5694282e-01  -2.9851311e-01  -9.3206986e-01   5.9694171e-01   4.1496426e-01   3.3207600e-01   8.3526958e-01  -1.2882509e+00   5.2010352e-01
   2.0000000e+00   1.4636057e+00   1.7726592e-02  -1.1509643e+00   5.3987756e-01   1.9904250e+00  -4.6467426e-01  -1.6987879e+00  -7.8955009e-01  -1.3062777e+00  -4.9106439e-02
   1.0000000e+00   8.9872432e-01   3.0833859e-01   1.3902516e+00  -1.3288126e+00   2.1460150e-01  -1.3258168e-02  -1.1607625e+00  -1.0890000e+00   1.1278647e-01   2.0047239e+00
   2.0000000e+00  -4.9777508e-01   1.4554579e+00  -5.0013210e-01   9.4613436e-01  -4.2541329e-01  -1.0146089e+00  -1.4129871e+00  -1.1154739e-01  -3.5789785e-01  -1.0309851e+00
   2.0000000e+00  -3.9227087e-01  -1.5405637e+00   3.6605522e-01  -4.6377233e-01   1.8769550e+00   9.2143541e-01   6.0881433e-01   6.3052808e-01  -6.3786274e-01  -4.5074299e-01
   2.0000000e+00   2.1386769e+00  -2.6012958e-01   2.4318358e+00   1.1024175e+00   1.3579437e+00   2.9065299e-01  -2.1881657e+00   1.2288391e+00  -7.7402879e-01   1.0063812e+00
   2.0000000e+00   6.3136691e-01  -1.1287689e+00  -2.3804157e-01  -1.5140408e+00   1.5579763e+00   8.5170826e-01   2.5344528e+00  -3.1490544e-01  -4.5369014e-01   1.0494433e-01
   2.0000000e+00  -1.8138408e-01   2.5380988e-01  -9.6209588e-01   1.3183220e+00   1.5898308e+00   1.6981343e+00   2.2711896e+00   6.1305087e-01  -7.6645786e-01  -4.5887870e-02
   1.0000000e+00   1.5118041e-01   1.2917288e+00  -4.1700573e-01  -1.9220250e+00  -2.9915540e-01   1.8544125e-01   8.1972063e-01  -7.0613299e-01   9.8942748e-01   3.7704957e-01
   1.0000000e+00   3.4119957e-01  -1.7015789e+00   3.2264063e-01  -9.6044347e-01  -1.8953587e-01   7.6209482e-01  -3.5863397e-01   8.1057637e-01   5.8138499e-01   2.0248636e-01
   1.0000000e+00   3.7982925e-01  -2.0790976e-01   2.7900021e-01   8.7946238e-01  -2.1809428e-01  -8.0555611e-01  -3.0424542e-01   6.3388583e-01   8.0311681e-01   9.0108905e-01
   2.0000000e+00  -1.4718781e+00   1.2777571e+00   4.1085272e-01   5.7911518e-01  -6.4660556e-01  -3.6418826e-01   5.5662532e-01  -1.1797317e-01   4.9983601e-01   2.9307803e+00
   2.0000000e+00   2.1916918e+00   8.9561874e-01   1.0649497e+00  -1.2027921e+00   9.4290861e-02   1.4958317e-01  -7.0857516e-01   1.1258822e+00   5.4162476e-01   2.6405641e-01
   1.0000000e+00   2.9779834e-01   5.5835615e-01   5.0051014e-01   1.8706747e+00  -7.9415275e-01  -1.1400515e+00  -1.0084116e+00   1.8384660e+00  -1.3780619e+00   1.0930901e+00
   2.0000000e+00  -2.2496018e-01  -7.3847587e-01   3.9760013e-01  -4.9219805e-01  -8.4242520e-01   5.0338739e-01  -4.0183080e-01   2.2816532e-01  -3.3002296e-01   1.2715060e+00
   2.0000000e+00  -6.6132984e-02   1.7355945e-01  -1.6453733e+00   1.0901916e-01   1.6258197e+00   2.2458773e-01  -1.4149764e+00  -2.1211009e+00  -1.1100970e+00  -3.3971695e-02
   2.0000000e+00  -8.9141933e-01  -5.5342749e-01  -3.1630337e-01  -4.0112576e-02   7.2875760e-01   7.8223798e-01   7.9358305e-01   1.3027232e+00  -6.3953578e-01  -2.7545094e-01
   2.0000000e+00   8.5182893e-01   6.0614873e-01   8.5364447e-01   1.0556992e+00  -1.0262757e+00   6.3186081e-01  -1.5405463e-01   1.9099788e+00   1.8973268e+00  -1.6689330e+00
   2.0000000e+00  -1.1067750e+00   8.9629605e-02  -1.5860240e+00  -6.0120085e-01  -2.2336082e+00  -9.6374384e-01   3.2658865e-01   1.9944085e+00  -1.4943003e-01   3.2925240e-01
   2.0000000e+00  -1.2544859e+00   6.5531462e-01   1.0902349e+00  -1.6804925e+00   3.0327819e-01   7.1925819e-01   4.1279444e-01   3.5139084e-01  -7.8188650e-01   1.5223320e+00
   2.0000000e+00  -4.4281460e-01  -9.9695149e-01   2.2723804e+00  -9.4994864e-01  -3.3058475e-02  -9.6944249e-01  -6.6645660e-01   7.1991330e-01  -1.2782805e+00  -8.2168936e-01
   2.0000000e+00  -1.2358498e+00  -1.8058191e+00  -1.6025011e-01   2.5904748e-01   8.3926656e-01  -1.0332403e-01   1.5283469e-01  -3.9391674e-01   9.2785748e-01   6.9583363e-01
   2.0000000e+00  -9.3295168e-01   1.1310881e+00   3.5243464e-02   1.9014496e+00  -3.4311510e-01  -1.0812155e+00   1.9910078e+00  -8.9944159e-01  -1.3388036e+00   1.2442634e+00
   1.0000000e+00   9.0116567e-01  -1.1084942e+00  -1.7078184e+00  -1.1672311e+00  -2.9962937e-01   1.0164331e+00   7.6841150e-01  -1.4353979e-01  -1.1056848e+00  -1.7924641e+00
   2.0000000e+00   4.2591532e-01  -2.4677511e-01  -3.4550968e-01   6.6528983e-01   9.2667861e-01   1.1550770e+00   1.2378802e+00   1.7800494e+00  -2.1639078e-01   3.3326387e-01
   2.0000000e+00  -8.9774208e-01  -3.7405337e-01  -2.0655605e+00   5.7321100e-01   6.7553248e-01   1.0481587e+00  -1.4766918e+00  -1.9031716e-01  -3.3631969e-01   1.3769286e+00
   2.0000000e+00  -7.9401646e-01   9.1594606e-01   8.6261668e-01   1.0607897e+00   6.1444715e-01   5.9993746e-01  -1.7145266e+00  -2.1639431e-01   6.3407236e-01  -4.7192405e-01
   2.0000000e+00   5.1183637e-01   8.5571560e-01  -5.9544933e-01   9.3324276e-01  -1.3574915e+00   1.1744473e+00  -1.1520113e-01   9.4283128e-02   4.9958990e-01   1.6000080e+00
   2.0000000e+00   5.7562317e-01  -6.4571208e-01   9.5460563e-01   9.2777161e-01  -1.0562584e+00   8.5536136e-01   1.8667310e+00  -1.1725615e+00  -2.0539968e-01  -1.0709107e-01
   2.0000000e+00  -7.3389986e-01  -1.3631741e-01   6.1381228e-01   1.2284727e+00   2.3767782e-01  -7.1536359e-01  -1.7497601e-01   1.4137858e+00  -1.4363210e+00  -7.0366323e-01
   2.0000000e+00   1.0379184e+00  -6.3486662e-01  -1.6567928e-01  -4.0262444e-01   9.6069136e-01   9.8105945e-01   1.0867383e+00   1.4294896e+00   9.6111393e-01   2.6412277e+00
   2.0000000e+00  -1.4079404e-01  -4.6482061e-01   1.4123068e+00   4.5692645e-01  -1.2599063e+00   5.1630067e-01  -6.0526110e-01  -7.6071577e-01   2.7996280e-01  -6.5376231e-01
   2.0000000e+00  -1.8130603e+00  -1.4508283e-01   1.3192551e+00   4.7030117e-01   6.2790262e-01   1.7287173e-01  -9.9019088e-01  -7.9479626e-01   7.8495736e-01   2.3012098e-01
   2.0000000e+00  -1.6027327e+00   9.2408976e-01  -9.0943394e-02  -7.4298701e-01   1.2890158e+00  -9.1999217e-01  -1.1914377e+00  -1.2689382e-01   6.5616147e-01  -2.4033719e-02
   2.0000000e+00   7.0749965e-01   1.3409427e-01  -3.4640880e-01  -2.7153452e-01  -7.9487238e-01  -8.0051779e-01   1.6048636e+00  -3.2836821e-01  -2.5700369e-01  -1.5124765e+00
   2.0000000e+00  -2.5182778e-01  -1.5792767e+00  -8.4437387e-01  -4.1429973e-01  -6.9437204e-01   1.1462394e+00  -1.0544762e+00   2.3323544e+00  -1.6340830e+00   2.1123193e+00
   1.0000000e+00   1.8887193e-01  -2.1793488e-01  -8.5800822e-02   2.8675880e-01   2.1134852e-01  -1.9399930e-01  -5.0127546e-01   6.5375054e-01  -8.1950831e-01   2.0817497e-02
   2.0000000e+00   1.6394161e-01  -5.2751718e-01   1.4074285e+00  -1.6974954e+00   2.1345812e+00   1.8155651e-01  -5.5908369e-01   7.9675642e-01  -1.1305345e+00  -7.3836684e-01
   2.0000000e+00  -6.3412748e-01  -7.4702578e-01   1.5587468e+00   9.2513123e-01   5.3806656e-01  -1.3785819e-01   2.0195766e-01  -2.6937996e-01  -3.2525442e-01  -5.8248571e-01
   2.0000000e+00  -1.3859887e-01   3.1334392e-01   1.8307277e+00   7.0073637e-01  -1.0379588e+00   1.6403857e+00  -1.0595853e+00  -2.4852020e-01  -2.9745149e-01  -2.0530187e+00
   1.0000000e+00   5.7983358e-01  -1.0527865e+00  -1.3247919e+00  -4.8144231e-01  -6.7555958e-01  -2.7806918e-01   8.5544540e-01   1.2319960e-01  -1.0897784e+00  -7.5405814e-01
   2.0000000e+00  -8.5930322e-01  -2.3095958e+00  -8.4449011e-02  -9.2214945e-01  -1.0195947e-01  -1.2876911e+00   1.1045781e+00   1.2971475e+00   8.7886307e-01   1.3474162e+00
   2.0000000e+00  -9.3105483e-02   3.5194452e-01  -1.3221599e+00  -2.4375922e-01   3.7571331e-01  -1.0317123e+00   7.7371651e-01  -5.7195390e-01   1.7333722e-01  -1.1804740e+00
   2.0000000e+00  -1.1938239e+00  -1.3724709e+00  -1.0172974e+00   4.5706396e-02  -7.8614154e-01   1.1604011e+00  -1.7032262e+00  -9.0181394e-01   7.1520116e-01   9.4211366e-01
   1.0000000e+00   3.9975856e-01  -8.0916581e-01   1.5203901e+00   1.1553411e+00   8.6291032e-01  -3.8184520e-01  -6.1458342e-01   7.3648719e-01  -1.2195751e+00   9.2302520e-01
   2.0000000e+00  -6.5347382e-01   1.8807901e+00  -1.0882665e+00   3.5561978e-01   1.3234797e+00   1.8380157e-01   1.7186231e-01  -6.2022342e-01  -1.4002181e+00   1.2089433e+00
   2.0000000e+00  -1.7710664e-01  -1.3469745e+00   1.2726166e-01   6.3776534e-01  -4.3212848e-02   5.8123726e-01  -2.0872211e-01  -7.6258346e-01   1.6451966e-01  -3.3942762e-01
   2.0000000e+00  -5.3533638e-01  -1.3315184e-01  -1.4312070e+00  -4.6562412e-01   1.1489348e+00   1.8326463e-01   1.6529693e+00   2.3376621e-01   1.2825277e+00  -3.4874766e-02
   2.0000000e+00  -2.3570271e-01   4.8320370e-01   2.0073511e-01   2.8043719e-03   5.8872126e-01   6.8189035e-02  -3.7524264e-01  -2.3126243e+00  -3.5708201e-01   7.0378563e-02
   2.0000000e+00  -1.4597239e-01   4.6633749e-01  -5.9159383e-01  -2.5253472e-01   1.2234527e-01   1.1439933e+00   4.9893865e-02   6.1579353e-01  -6.8402013e-01   3.6410205e-01
   2.0000000e+00  -3.7334569e-01  -6.8711732e-01  -1.4363113e-01  -6.6957129e-01  -6.1984077e-01  -8.1087178e-01   8.5081572e-01   1.0498365e+00   1.5867759e+00   1.8758082e+00
   2.0000000e+00  -2.6873726e-02  -5.7359306e-01   6.8603616e-02  -5.0865087e-01  -5.6913817e-01  -1.6914444e+00  -4.9214908e-01   6.0616836e-01   4.2245207e-01  -8.6526406e-01
   1.0000000e+00   1.0445415e-01  -1.1325145e+00  -1.0902292e+00  -1.1990483e-03   3.9908989e-01   1.0711147e+00   1.3752051e+00  -7.4743267e-01  -1.1691839e+00   7.5644688e-01
   1.0000000e+00   4.5182762e-01   2.3646419e+00  -2.1873850e-01   1.1698167e-01   1.0830794e-01  -2.1251862e-01   7.6018514e-01   1.0947004e+00   3.6758144e-01   1.5205589e+00
   2.0000000e+00  -1.0188152e+00  -1.1118318e+00   9.2629424e-01   1.2718373e+00   4.1075178e-01   8.3056568e-01   1.3542361e+00   1.2751691e-02  -1.6278466e-01   6.0447446e-01
   2.0000000e+00   4.1148542e-01  -8.0483767e-01   6.7482995e-01  -1.2422347e-02   1.5136516e+00  -1.0893531e-01   4.0393054e-01  -5.0017514e-01   1.0553075e+00  -5.6672993e-01
   1.0000000e+00   7.8314981e-01  -8.7227532e-01   3.1569984e-01  -6.9525860e-01   4.4707508e-01   2.9547160e-01   8.1572760e-01  -4.9816340e-01   2.4684966e-01  -1.1954872e-01
   2.0000000e+00   8.9230495e-01  -3.1793538e-01   2.3905232e-01   3.5483180e-02  -5.5693989e-01  -4.1283825e-02   5.2848451e-01  -1.6127365e-01  -3.5790599e-01  -2.4384221e-01
   2.0000000e+00  -2.2294382e-01   1.7435354e+00  -2.4683061e-01   1.5120414e+00  -2.1031941e-01   7.4051010e-01   9.8427670e-01  -7.5497832e-01   5.4498049e-01   3.7203759e-02
   2.0000000e+00  -1.5068718e-01   1.9954117e+00  -1.0529091e+00  -9.5907908e-01   1.3447645e+00   1.1816044e+00   7.0577503e-01   4.4383188e-01   1.1389026e+00  -5.4243699e-02
   2.0000000e+00   7.6745373e-01  -1.1560994e+00  -4.6916885e-01  -3.9057602e-01  -8.0898194e-01  -8.5991794e-01   1.0005015e-01  -8.9084479e-03  -1.8987938e+00   1.3234938e-02
   2.0000000e+00   3.9428561e-01   5.0847846e-01   1.3745886e+00  -4.0894768e-02   1.6469790e+00   1.0107649e+00  -6.4108668e-01  -7.2569216e-01  -1.4242252e-01   6.5116840e-01
   2.0000000e+00  -1.5484400e+00  -2.0130673e-01  -1.2320756e-01   4.6434679e-01   1.1799762e+00   9.7579725e-01   9.1080686e-01   5.7275330e-01   1.5532668e+00   9.3864528e-02
   2.0000000e+00  -1.1441033e+00  -4.0340929e-01  -2.4437342e-01  -4.5761997e-01   2.6204604e-01   7.7556481e-02  -1.8234574e-02  -6.2044746e-01  -2.4669049e+00   6.6338614e-01
   2.0000000e+00  -9.1953866e-01  -1.5602224e+00  -1.1254916e+00   2.1545203e-01   1.0051973e-01   1.7873394e+00  -1.5918212e+00  -4.3455730e-01   5.9014082e-02   1.6869552e+00
   2.0000000e+00   7.5476041e-01  -1.2840966e+00  -8.0189300e-01  -2.1684418e+00  -1.4803121e+00  -6.1465827e-01   8.5517691e-01   2.6997756e-01  -2.4813135e-01   1.5926925e+00
   2.0000000e+00   2.2469394e+00  -8.7152656e-01   2.1778012e+00  -1.2033232e+00  -3.4419017e-01  -2.4099506e+00   1.6015928e+00  -2.5252407e+00   7.7615376e-01   5.2843923e-01
   1.0000000e+00   9.5063922e-01  -8.3876837e-01  -1.6697604e-01   7.8589813e-01  -7.0336288e-02  -7.4639916e-02  -5.7434135e-01  -6.5170291e-01   4.7527790e-01  -7.6815503e-01
   2.0000000e+00  -9.5149334e-01  -7.8146261e-01  -1.3981973e+00  -1.3934018e-01   1.1967103e+00   2.6387975e-01  -3.5381036e-01  -2.2858102e-01  -4.5859285e-01   9.5815866e-01
   2.0000000e+00   1.3106296e+00  -2.6381478e-01  -1.3300996e+00   2.6357989e+00  -2.8975364e-01  -9.4575369e-03   6.6912433e-01   2.8395038e-01   2.9125981e-01  -3.1326291e-02
   1.0000000e+00   4.1985858e-01  -1.6777489e+00   5.0515067e-01  -6.9390121e-01  -6.5946835e-01   9.1096753e-01  -3.9620570e-01   1.1586391e+00   1.7140228e+00   7.8376538e-01
   1.0000000e+00   2.9466055e-01  -3.0434926e-01   1.3714049e+00  -1.1589370e+00   2.2617899e-01  -5.3355922e-01   1.8815939e+00  -1.5401711e+00  -5.9415571e-02   4.5956703e-01
   2.0000000e+00  -2.4834628e+00  -4.9489847e-01   1.3346166e+00   1.4817585e+00   1.3700367e+00   6.4141366e-01  -1.1046532e-01   1.2636947e-01   1.2767972e+00  -4.7821622e-01
   2.0000000e+00   1.2200007e+00  -9.8400401e-01  -6.6072755e-01   4.6229438e-01  -1.6016932e+00   3.3433799e-01   8.9322338e-01   1.3045554e+00   1.9786400e+00   4.1446731e-01
   2.0000000e+00  -4.9153905e-01  -9.2555449e-02  -1.5967053e+00  -1.0212067e+00   1.6692861e+00  -3.5034203e-01  -5.3156731e-01   5.9258321e-01   1.0064185e+00  -6.7772613e-01
   1.0000000e+00   3.9844597e-01   1.5265837e-01  -4.4308742e-01   1.2756599e+00  -2.9341205e-01  -1.3924560e+00  -1.1215240e+00   1.2435723e+00   6.7131889e-01  -1.8420060e+00
   2.0000000e+00  -3.1827723e-01   1.5190861e-01   5.3948040e-01   6.4063511e-01  -4.6258129e-01   8.9613463e-01  -8.5376895e-01  -1.1306371e-01   6.0672411e-02   9.2401351e-01
   1.0000000e+00   5.2393614e-03   5.5338864e-01   9.2434507e-02  -3.5058832e+00  -4.7795219e-01   6.5198480e-02  -6.5714674e-01   7.9941292e-01   1.3688603e+00   4.6538889e-01
   2.0000000e+00   1.8855744e+00   8.5055358e-01   1.6050013e+00  -2.0170192e-01  -6.6263944e-01  -7.0786764e-01   3.0476197e+00  -4.8133495e-01  -3.7888810e-02  -3.4041884e-01
   2.0000000e+00   7.9162661e-01  -5.1834103e-01  -2.4080361e+00   1.2665104e+00  -9.7853444e-01  -1.8324565e+00   7.1828961e-02  -3.2867390e-01   1.3469672e+00   1.4442563e+00
   2.0000000e+00  -1.9245475e+00   7.6311811e-01   1.8203077e-01   2.7275194e-02   1.2226281e+00   1.1657939e-01  -1.2257054e-01   1.6047468e-01  -2.9488035e-01  -7.3733371e-01
   2.0000000e+00   7.4267115e-01   1.0726890e+00  -9.2598859e-01  -1.1248390e+00  -1.0321200e+00   1.0440890e+00  -3.1718957e-01   4.1163255e-01   1.9646590e+00  -1.4926421e-01
   2.0000000e+00   1.1089011e+00  -2.2976594e-01  -2.2793137e-01   1.2052200e+00   3.3079781e-01  -3.7098665e-01   2.9310717e+00  -9.8442263e-01   1.0698781e+00   1.0240974e+00
   2.0000000e+00  -4.2778240e-01  -8.3714461e-01   7.7274194e-01   1.0333731e+00  -2.2111759e-01   7.9084646e-01  -2.9417948e-01  -1.2697573e+00  -5.7302238e-01  -2.6307318e-01
   2.0000000e+00  -1.3304074e+00   1.4129351e+00  -5.8480055e-01   9.1896527e-01  -8.9037594e-01  -1.2981712e+00   3.8492851e-01   7.7938626e-01  -6.7051748e-01   1.0183569e+00
   2.0000000e+00  -1.2689563e+00  -6.1655169e-01  -1.3149847e+00  -6.1440512e-01   1.6574140e+00   2.0866225e+00  -5.9960524e-01  -2.8494921e-02  -5.0651460e-01  -7.2117798e-03
   2.0000000e+00   1.3736034e+00   1.9216586e-03  -2.7073317e+00  -6.9582770e-01   1.2183693e+00  -7.9346017e-01   8.0652569e-01   1.9025574e+00   8.9771410e-01  -1.5087470e+00
   2.0000000e+00   1.1532746e-01   2.2463149e-01  -1.2058623e+00  -5.7436478e-01   1.1530904e+00   6.4047018e-01   1.1240433e-01  -1.7826973e-01  -7.1292448e-01   2.4864934e-01
   2.0000000e+00  -4.8121776e-01   4.3112501e-01   1.4798161e+00  -9.9320091e-02   9.6592245e-01   5.0071641e-01   1.2522665e+00  -8.0934234e-01  -3.9469286e-01  -2.4048712e-01
   2.0000000e+00  -1.9395522e-01   1.0898035e+00  -1.1878501e+00   6.5841744e-02   2.7366672e-01   8.7799287e-01   8.7059744e-02  -7.0356247e-01   1.3423475e+00   1.2416616e+00
   2.0000000e+00   5.0936115e-01  -8.6973042e-01  -6.4836251e-02   5.6327464e-01   9.7053204e-01  -2.6945617e-01   7.1461327e-01   5.8637318e-01  -1.7944718e+00   8.6754679e-01
   2.0000000e+00  -8.4028843e-02   2.4656665e-01   1.0249303e+00  -1.7397248e+00   1.2254963e+00  -1.7810529e-01  -1.0995616e+00   8.3611859e-01   1.1461236e-01   6.8906655e-01
   2.0000000e+00  -7.1234866e-01   7.6540327e-01   1.3601097e+00   7.7468523e-01   1.7013560e+00  -2.0195677e-01  -6.9343644e-01  -3.0398894e-02   6.1542272e-02  -1.1190817e+00
   2.0000000e+00   1.2293218e+00  -3.5098262e-01   3.6987109e-01   1.0680405e+00   2.8354013e-01  -1.9191437e-01   6.6897985e-01   7.1995046e-01   1.8093586e-01   1.1107762e+00
   2.0000000e+00  -1.2511137e+00   5.9537023e-01   6.4941876e-01   6.9380914e-02  -2.0738945e+00  -3.1996469e-01  -1.2524729e+00   4.0816793e-01  -8.8676104e-01   1.1350980e+00
   2.0000000e+00  -2.7632953e-02   4.4184276e-01  -4.6236743e-01  -4.9747752e-01  -6.2657862e-02  -5.0882478e-01  -2.0147038e+00  -3.3829803e-01   1.6531199e-01   2.1746079e+00
   2.0000000e+00  -8.8402210e-01   1.5089873e+00   4.8883967e-01   1.0417660e+00  -1.1555321e+00   8.5562462e-01  -1.0006458e+00  -1.0765510e-01   4.6874297e-01   5.7224869e-01
   2.0000000e+00  -3.7650539e-01   1.4666237e+00   1.4430834e+00  -4.6240391e-01   2.5685637e+00   7.2876271e-01   4.2116356e-01   1.7421296e-01   5.8957632e-01   3.6621702e-01
   1.0000000e+00   2.0867883e-01  -1.6177728e+00   5.3269222e-01   3.1696992e-01   1.6680334e-01   8.7528419e-01  -1.4683994e+00   1.5682134e+00   2.7942988e-01   1.6572210e+00
   1.0000000e+00   7.4137186e-01   6.5603657e-01   2.8537926e-01  -4.1762152e-01  -2.1492912e-02  -4.2189400e-02  -1.0076816e+00   1.3154051e-01  -2.4919591e-01   7.1175297e-01
   2.0000000e+00  -1.2743602e+00   2.3795931e-01  -6.3166324e-01  -1.1703620e+00   1.2770669e-01   1.0826740e+00   4.0815233e-01   1.0067878e+00  -5.3411572e-01  -1.2738862e+00
   2.0000000e+00   1.3017693e+00  -1.0464492e+00   1.2285364e+00  -7.6431085e-01   3.7883602e-01  -1.9924198e+00  -1.0697502e+00   8.7132949e-02   5.7698356e-01   1.0963929e+00
   2.0000000e+00  -1.4122246e+00   1.3555783e+00   2.4312174e-01   1.0858911e+00   1.7424658e-01   7.4738551e-02   8.2585432e-01  -1.5039945e+00  -7.5963560e-01  -2.4086666e+00
   2.0000000e+00  -3.0388413e-01  -1.1542593e+00   1.7136286e+00   5.6529933e-01   9.6084117e-01  -5.4510749e-01   9.6746859e-02  -1.9388321e+00  -1.3537067e+00   4.7643816e-01
   2.0000000e+00  -5.9623990e-01   1.1076894e+00   1.0729367e-01   2.5567732e-02   1.0223235e-01  -1.9725691e+00  -1.4788957e+00  -6.4244300e-01   5.0361917e-01   1.7444898e+00
   2.0000000e+00  -2.7020851e-02  -1.2359740e+00  -3.6754831e-01  -4.7148851e-01  -8.4382380e-01   5.0038230e-01  -3.2893245e+00   1.9484540e-02  -1.2752450e-02  -3.2745476e-01
   2.0000000e+00   9.3605586e-01   1.5401619e+00   1.0733848e+00  -2.8117129e-01   1.4582577e+00   1.1221272e-01  -4.7415056e-01  -4.2285076e-02  -2.4853283e-01   2.5180167e-01
   2.0000000e+00   2.6133627e+00  -7.7779869e-01  -9.7912798e-01   1.3412959e-02  -1.8271131e-01  -1.4235779e-02  -1.9668375e+00   9.3392827e-01  -6.2667456e-01   8.8179434e-01
   2.0000000e+00  -3.8774668e-01   1.1231399e+00   7.2681537e-01   7.1864072e-01  -7.7824527e-01   1.4988397e+00   1.5282714e+00  -7.4072239e-01  -8.6439549e-01   8.6117991e-01
   2.0000000e+00  -1.1375232e+00  -3.9163896e-01   7.2136860e-01  -2.8316265e-01  -1.1656032e+00  -4.5128027e-01   1.3507619e+00  -1.8185760e+00  -1.7890050e+00   2.3008358e+00
   2.0000000e+00  -5.7130984e-01  -1.5814084e+00   4.3673686e-01   1.8381221e-01   7.6601849e-01  -9.7173122e-01   3.6995257e-01  -1.2948605e+00   1.4727705e+00   6.4662428e-01
   2.0000000e+00  -6.4977633e-01  -8.7571003e-01   1.1768485e+00  -7.0640476e-01  -2.4359420e-01  -2.0381258e-01   3.2968219e-01  -2.2114335e-02  -1.6747759e+00  -5.5694559e-02
   2.0000000e+00  -1.6149662e+00  -9.0873227e-01   4.0260365e-01  -7.2312732e-01  -2.1599911e+00  -3.3166623e-01   7.2451680e-01   9.8045554e-01   9.0194043e-01   2.1086751e+00
   2.0000000e+00  -3.4304350e-01   1.5988594e+00  -3.7884109e-02  -3.0092453e-01  -1.5560258e+00  -9.9022673e-01  -1.3288527e+00   3.5452058e-01  -1.2547189e+00   2.7121047e-01
   2.0000000e+00   7.3320366e-02   1.5541015e+00  -7.8236955e-01  -6.0170973e-01   1.1803534e+00  -1.4512195e+00   1.3411825e+00   1.2959461e-01  -3.9619047e-01   1.1756170e+00
   2.0000000e+00  -9.4381098e-01   1.2537084e+00   1.8492378e-01  -8.2565785e-01   2.2753628e-01   2.3569592e-01   6.3830430e-01   1.9407344e+00   1.7978678e+00  -1.8827590e+00
   2.0000000e+00  -1.8250530e+00   1.0345219e+00   1.4183049e-01  -7.0085374e-01  -1.1087180e+00  -1.4841396e-01   9.4110949e-01  -4.8600792e-01  -7.5857053e-01   4.2970979e-01
   2.0000000e+00  -1.8498253e-01  -1.2640645e+00  -1.0864518e+00   6.6069285e-01   7.5874632e-01   4.3296350e-01   9.2602888e-01  -1.4912569e+00   1.4536782e+00   2.4441787e+00
   1.0000000e+00   8.0697354e-01  -7.9413388e-01  -1.1700734e+00  -7.6900307e-01   2.3358549e-01   3.7769247e-01   1.1019191e+00   1.9994032e-01  -3.6427537e-02  -4.2685008e-01
   1.0000000e+00   4.0259666e-01  -2.1245763e+00   1.4074928e+00  -1.3974498e+00  -5.7109989e-01   5.6686744e-01   5.3337748e-01  -4.9867641e-01  -1.8060289e+00  -2.6807876e-01
   2.0000000e+00  -1.0513292e+00   4.5321679e-01  -6.0140510e-01   1.1508619e+00   2.2893460e-01   4.9878083e-01   2.2252843e+00   4.5947747e-01   1.1338510e+00  -1.2408632e+00
   1.0000000e+00   7.5055133e-01  -6.6134575e-01  -1.0843086e+00   1.6277599e+00  -2.4914970e-01  -3.9867667e-01   6.3252382e-01   6.0175497e-01  -2.0755003e+00  -7.3661722e-01
   2.0000000e+00   8.3829811e-01  -1.0994680e+00  -4.6584232e-01   8.2180030e-02   1.6456481e+00  -3.6170667e-01   1.0647297e+00   5.0819978e-01   1.0323523e+00  -6.8710946e-01
   2.0000000e+00  -1.2299511e+00   4.8575837e-01   1.6372765e-01  -1.2991065e+00   4.0798364e-01  -5.0888320e-01  -1.2508147e+00  -2.3243435e-01  -2.8076786e+00   1.1252248e+00
   2.0000000e+00  -4.4096529e-01   1.3031762e+00   1.5856881e+00  -4.6391531e-01   6.1344890e-01   1.2711830e-01   9.7497398e-01   1.2346976e-01  -1.3242924e-01   6.8327369e-01
   2.0000000e+00  -1.2032522e+00   1.0452418e+00   2.2094998e+00   2.3105228e-01  -1.1398671e+00  -3.9742730e-01   1.3815704e+00  -5.1120344e-02   2.9852112e-01  -8.5133764e-01
   2.0000000e+00  -3.1741784e-01  -1.5765173e-01  -1.2071875e+00   1.4394096e+00   5.2105286e-01   7.6977468e-01   5.2458003e-01  -6.6482069e-01  -5.5945706e-01   1.6765137e-01
   2.0000000e+00  -5.6691701e-01   1.1167961e+00  -1.0320997e-01  -5.2824408e-01   5.5867643e-01  -5.3173663e-01  -1.4471978e+00   5.8504221e-01  -6.4073081e-01   5.3484272e-01
   2.0000000e+00  -1.0778075e+00  -2.7706314e-01   1.8506819e+00   4.1187961e-01  -1.4642012e+00  -7.0390118e-02  -2.4163092e-01  -1.8377720e-01   3.8013842e-01   5.3865917e-02
   2.0000000e+00  -3.4125619e-01   9.6588271e-01  -6.3082939e-01  -9.7932347e-01   1.2351703e+00   1.2325773e+00  -7.9466089e-01  -4.0639168e-01   8.3971659e-01   1.5378764e-01
   2.0000000e+00  -7.9974406e-01   6.1484398e-01  -1.2924544e+00   6.1105060e-02   7.0138641e-01   7.0946747e-02  -5.9738016e-01  -4.5739025e-02   1.4801424e+00   1.0524064e+00
   2.0000000e+00  -6.5278238e-01  -1.2447922e+00   5.8529305e-01  -1.0710414e+00  -4.1578660e-01  -5.2002206e-01   1.0885948e-02  -3.1043164e-01   5.9561517e-01  -9.9732623e-01
   2.0000000e+00   2.4733772e+00   3.9738129e-01  -1.9468321e+00   9.8756785e-01  -1.2399497e+00  -3.7318682e-01   1.1531892e+00   5.1830770e-01  -3.3656812e-01  -1.0521895e+00
   2.0000000e+00  -5.4490773e-01   1.2757857e+00  -1.6331425e+00   3.8213848e-01   2.2785426e+00   7.3834477e-01  -8.5191642e-01  -1.4196525e+00   1.4152701e+00  -8.9767427e-01
   1.0000000e+00   3.2825838e-01   1.4332691e-02  -9.4984419e-01  -3.1050534e-02  -1.5804251e-01   2.9335987e-02   2.3861770e-01  -1.2816754e+00   1.0362151e+00   1.8388037e+00
   2.0000000e+00  -5.7329512e-01   1.2902781e+00  -1.8021647e-01   1.3112991e+00  -3.1883284e-01  -5.0864409e-01   7.9730226e-01   2.1317102e+00   6.7023301e-01   2.6955527e-01
   2.0000000e+00  -1.0084041e+00   4.8726072e-01   6.6767233e-01   3.4770537e-01  -1.6560824e+00  -1.0701342e+00  -1.5184419e-01  -6.3932806e-01   5.5968406e-02  -1.3677052e+00
   2.0000000e+00   6.1192279e-01  -1.2373440e+00   9.5821688e-01  -3.8139111e-01   8.5582999e-01   9.7465296e-02  -1.1281694e+00   2.8241166e-01   5.9238530e-01   3.5494915e-01
   2.0000000e+00   1.0165275e+00   2.2624920e+00  -1.1328444e+00  -1.3543887e+00   1.4984303e+00  -1.1110334e+00   7.7310432e-01  -1.2285108e+00  -7.2896723e-01  -8.2206737e-01
   2.0000000e+00  -4.6655319e-01   6.6821706e-01   4.4756062e-01  -1.7443459e+00   7.1051476e-01   1.1282362e-01  -2.4858564e-02  -1.5872615e+00   2.6813698e-01  -8.4438398e-02
   2.0000000e+00   2.1522948e+00  -1.8408765e+00   1.5113808e-01  -4.9402003e-01  -3.0218941e-01   3.0483035e-01  -2.2716287e-01   7.8403955e-02  -2.0460375e-01  -6.2369001e-02
   2.0000000e+00  -4.1405499e-01   1.6314086e+00  -5.7987181e-01   1.0492877e+00  -1.8509445e+00   1.0176174e+00   2.2449611e-01   1.0051342e+00   1.9509981e+00   3.2105923e-01
   2.0000000e+00  -1.5028275e+00   1.4392028e+00  -1.2720763e+00   7.7371975e-01  -1.2318104e+00  -7.9783608e-01  -6.5914742e-01   4.5190073e-01   5.3146125e-02  -8.4665022e-01
   2.0000000e+00  -3.5395238e-01   1.2169776e-01   1.2482688e+00  -7.8112512e-01   3.4439461e-01   9.5262178e-01  -1.9288869e+00  -1.0230609e+00   6.3766400e-01   3.3838506e-01
   2.0000000e+00  -2.1223059e-01   1.5690999e-01   2.3626911e+00  -1.8702549e+00   4.0419109e-01  -7.3138917e-01  -1.3718221e+00   1.1642009e+00   4.2677808e-01   1.2317622e+00
   2.0000000e+00   2.4318876e+00   9.0283429e-01   1.0537615e+00  -7.1135481e-01  -1.6995184e-01  -1.8869896e-02  -1.8976245e+00   2.7722207e-01   7.2361798e-02  -1.1796623e+00
   2.0000000e+00   5.8212559e-01  -6.9529344e-01  -7.8296433e-01   4.8049352e-01  -1.3771768e+00  -1.3611399e+00   1.4221002e-01   3.1890970e-01  -1.1588499e+00   6.5471778e-01
   2.0000000e+00  -1.0238498e+00   2.0089367e+00   3.2818262e-02   5.9676181e-01   5.7568039e-01   1.9968311e+00  -6.8260957e-01  -1.1464694e+00  -5.5146496e-01   2.8643667e-01
   2.0000000e+00  -1.4362247e-01  -2.0244006e+00   6.1765758e-01  -9.1105777e-01   5.1949476e-01   1.8408668e+00  -4.5559421e-01   7.3111960e-01   4.6640352e-01  -8.3988799e-01
   1.0000000e+00   1.1431053e-01   2.3729877e-01  -9.2789985e-01   8.9237126e-01   2.6199277e-01   1.3433801e+00   1.8427324e-01  -1.3899710e+00  -6.8050655e-01  -1.5318597e-01
   2.0000000e+00  -1.8608861e+00   1.6411259e-01   1.1096046e+00   3.2371569e-02  -3.1183364e-01   5.6319516e-01   8.3115135e-01  -7.4208500e-01  -4.7503514e-01  -1.9164425e+00
   2.0000000e+00  -2.9952874e-01  -4.8404237e-01   9.1380409e-01   1.7296071e+00   2.2035372e-01  -8.6026900e-01   4.8397711e-01   6.7104483e-01  -1.1540473e-01  -8.4945144e-01
   1.0000000e+00   4.1973904e-01   1.8817274e-01   6.3253451e-01   3.3703452e-01   4.8165538e-01   1.3597793e+00  -1.0102311e+00  -5.6820755e-01  -9.0075750e-01   7.9391284e-02
   2.0000000e+00   1.9219551e+00  -1.7178604e+00   5.0519448e-01  -1.4521303e+00   1.0900813e+00  -7.6299756e-01  -9.0302290e-01  -2.1244659e+00   5.7385535e-01   7.4254422e-01
   2.0000000e+00  -9.1212134e-01   5.8074459e-01  -4.2965261e-01  -3.3568327e-01  -1.0272703e-01  -3.4368929e-01  -2.1710431e+00  -1.7724456e+00   1.5111554e-01   7.6589537e-01
   2.0000000e+00   1.0492220e+00   5.4868013e-01  -1.7494802e-01  -2.0598605e+00   1.2212033e-01  -5.3558140e-01   8.1505644e-01   7.9489610e-01  -5.7011089e-01  -5.8330967e-01
   2.0000000e+00  -2.0346061e+00  -8.9665535e-01  -1.1700105e+00   1.6521488e+00   4.0306624e-01   1.6813259e+00   4.8990041e-01  -6.3955595e-01  -9.2772616e-01  -2.7159002e-01
   2.0000000e+00  -5.8565067e-01   1.0668463e+00  -6.4285481e-01   1.4174520e+00  -1.6435242e-01   1.4468014e+00  -2.7964878e-01   1.1670497e+00  -6.1031742e-01   3.6296788e-01
   2.0000000e+00   7.2814649e-02   1.6388582e-01  -2.8233616e-02   3.7442374e-02  -2.2314016e+00  -1.7325953e+00   2.7811894e-01   9.4387703e-01  -1.9190214e+00   1.9748377e+00
   2.0000000e+00  -4.7247165e-01   1.6734785e-01  -8.8620176e-01   4.2843249e-01   2.1534059e-01   4.2447905e-01   1.5638707e-01  -4.3560132e-01   1.8347687e+00   1.3094563e+00
   2.0000000e+00   1.5002328e-01   1.1664383e-01  -8.4732047e-01   3.3389074e-01   1.0874267e+00   4.1578042e-01   1.4985672e+00  -2.7186160e-01   1.5402338e+00   6.6793613e-01
   2.0000000e+00  -1.8112337e-01   1.0853957e+00  -9.8217387e-01   9.0115998e-01  -7.5091784e-01   5.4358062e-01  -5.8772168e-01   1.2248439e+00   1.1968543e+00  -4.1993503e-01
   2.0000000e+00  -2.2942390e-01   6.9829607e-01   1.1626110e+00   1.2961515e+00  -6.5050402e-01  -8.0286402e-01   2.8470960e-01  -3.1002848e-01   9.7357108e-02   2.8219320e-01
   1.0000000e+00   6.8038895e-01  -1.4399831e-01   3.2333340e-01  -1.4261516e+00  -1.0282983e-01  -7.7335465e-01  -7.0616118e-01  -9.8813733e-01  -1.9168982e+00  -6.0571347e-01
   2.0000000e+00  -1.1910890e+00  -4.9766466e-01  -1.3623404e+00  -4.4790273e-01  -2.3045687e+00  -8.7080355e-01  -5.0161846e-01  -1.4669622e+00   1.8532326e-01   6.4781108e-01
   2.0000000e+00  -9.7527615e-01  -1.6330225e+00  -3.2833644e+00   5.6669414e-01   1.2884059e+00   2.8775533e+00   1.6249758e+00   9.6178660e-02   4.9659137e-02   1.7617551e+00
   2.0000000e+00  -9.2609104e-01  -7.3060353e-01  -1.2544306e+00   5.4856653e-02   1.3290805e+00   3.2687580e-01   1.3122240e+00  -2.9814652e-01  -6.8348690e-02   1.0957788e+00
   2.0000000e+00  -6.5492978e-01  -2.1071215e+00   1.1090337e+00  -4.2755933e-01  -7.3985793e-01   2.4051726e-01   5.4127846e-01   8.6790888e-01   1.0625887e+00  -1.0185982e-01
   2.0000000e+00  -2.1743698e+00  -2.0096847e-01  -6.4032712e-01   4.7646696e-01  -2.0677681e-01   6.0987822e-01  -4.9760874e-01  -6.0175080e-01  -8.0158626e-01  -8.4055976e-02
   2.0000000e+00  -8.8108476e-01   7.6370025e-01  -8.7964828e-01  -1.9234964e+00   1.1219992e+00  -1.2784270e+00   2.0446709e-01  -3.4110335e-01   2.4705742e-01   1.0964182e+00
   2.0000000e+00  -1.0309373e+00   4.7200301e-01  -8.3159094e-01  -9.9032403e-02   6.6191125e-01  -1.2646131e-01   7.4147656e-01  -6.1636883e-01   3.1763739e-01  -1.0394350e+00
   1.0000000e+00   2.6444401e-01   1.6020665e+00   5.0917053e-01   5.1344894e-01  -4.5867415e-02   7.5919412e-01   8.5336343e-01  -5.2827005e-01  -3.5631249e-01   2.5809358e-01
   2.0000000e+00  -1.4121161e+00  -5.0566692e-02  -1.3380040e+00  -3.8843377e-01  -5.7226020e-02  -1.4332473e+00   2.1237185e+00  -2.1507451e-01  -9.5515918e-01  -6.0615273e-01
   2.0000000e+00   4.6086665e-01  -4.9399859e-01  -9.6957300e-01  -6.5088121e-01   1.3183886e+00  -4.3100665e-01   4.2916999e-01   1.1778638e-01   1.8418324e+00   1.2745583e+00
   2.0000000e+00  -7.8607953e-01   1.4809649e+00   1.5040628e+00   3.8972367e-01  -9.1443505e-01  -8.2027195e-01  -7.6606433e-01  -2.0324814e+00  -4.1216750e-01   7.4877265e-02
   2.0000000e+00  -3.1687824e-01   4.4230249e-01   8.1487336e-01  -1.6202449e+00   1.2670042e-01   7.3584423e-01   9.4809248e-01   1.7505776e-01  -8.1420981e-01  -8.1947270e-02
   2.0000000e+00   1.3324364e+00   1.9460919e+00   2.3839147e-01   7.4732530e-01  -5.1024716e-01  -7.9767009e-02   6.2007622e-01   7.4139908e-01   8.2344731e-01  -1.7146807e+00
   2.0000000e+00   5.7185702e-01   1.9610156e+00  -7.8770785e-01   4.6756583e-01  -1.6472786e+00  -6.6790081e-01   2.4427153e-01   4.1296770e-01   1.2228647e+00   1.6229094e+00
   2.0000000e+00  -1.2588111e-01  -3.9538522e-01   1.9378771e+00  -2.3270333e+00   3.4786141e-01  -6.1159471e-01   3.2552531e-01   1.1719893e+00   3.4567733e-01  -2.5012063e-01
   2.0000000e+00  -9.5158382e-01   1.9139993e+00  -5.2733558e-01   4.1562522e-01   1.0674374e-01  -2.7125910e-01   1.1980642e+00   7.1522052e-01  -1.3789604e+00   4.7545863e-01
   2.0000000e+00   4.2375098e-01   4.3751873e-01  -5.5751898e-02   2.3578674e+00  -1.0561583e+00  -2.1216843e+00  -1.9231118e+00  -9.9164247e-01  -7.3055526e-01  -1.7245653e-01
   2.0000000e+00   1.3161685e+00  -3.2373641e-01   9.7726154e-01   5.4587590e-02  -5.7317309e-03   6.5860644e-01  -3.7270976e-01   8.8047435e-01   8.8095624e-01  -1.6252054e+00
   2.0000000e+00  -4.0521739e-01   9.9803436e-02   5.2934565e-01   1.8294852e-01  -1.3075966e+00   1.8730433e-01   9.0628432e-01  -1.6164592e+00  -1.4489736e+00  -4.1464268e-01
   2.0000000e+00  -9.8365575e-01   5.7910507e-01  -7.4297431e-01  -9.5416260e-01   3.1092037e-01   1.4688447e-01  -6.6979480e-01   5.4015909e-01   2.4931755e+00   4.6080805e-01
   2.0000000e+00  -1.7157309e+00   3.3867837e-01   1.4515825e+00   2.1015424e-01  -5.4817045e-01  -1.9054888e-01  -2.0669047e+00  -1.5181325e+00   2.3182118e-01  -7.3911781e-01
   2.0000000e+00  -1.7972658e+00   5.7875371e-01   9.4160432e-01   6.5713635e-01  -9.4666390e-01  -1.2509615e-01   1.4762759e-01   1.0476104e+00   6.1905757e-01   4.1746455e-01
   2.0000000e+00  -1.8311005e+00  -1.5681189e-01   1.1826245e+00   9.3586366e-01   1.2896673e+00   1.2743704e+00  -1.5384631e+00   1.2590720e-01  -5.2669823e-01  -7.3795256e-01
   2.0000000e+00  -9.9289224e-01  -5.2972597e-01  -2.0308173e-01   1.1664134e-01  -7.0884090e-02  -6.9605362e-01   1.3579259e+00   2.6891155e-02  -2.2418095e+00  -2.7759339e-01
   2.0000000e+00   1.0276959e+00  -7.1219934e-01  -1.7952484e+00  -6.3728997e-01   1.9955932e+00  -4.7457129e-01   1.0140609e+00  -5.1338482e-01   4.0305217e-01  -4.8029828e-01
   2.0000000e+00   1.6973433e+00   1.4530701e+00  -3.5546952e-01   1.6453416e-01   7.6305474e-01   1.1692775e+00   3.8523085e-01  -3.8444759e-01  -1.3427894e+00   4.5601041e-02
   2.0000000e+00   5.2788712e-01   1.0672327e+00   1.7839326e+00  -1.3005506e+00   8.9411613e-01  -1.1192193e+00   1.9609938e+00  -1.4580634e-01  -2.3160138e-01   6.9761600e-01
   2.0000000e+00  -1.6958643e+00   1.2554468e-01   8.2593018e-01  -1.5566146e+00  -1.7565459e-01   1.2911406e+00   1.2364126e+00  -1.1822125e+00  -1.5329264e+00  -2.2027872e+00
   2.0000000e+00   8.4443397e-01   3.1809488e-01   9.3897600e-01   1.1078118e+00  -8.6502260e-01  -4.1787446e-01  -1.6758516e+00  -1.0949099e+00  -1.8646127e+00  -3.3630348e-01
   2.0000000e+00  -1.0429681e+00  -6.8072979e-01   6.6830045e-01  -1.1553573e+00   3.8626647e-02  -3.4285894e-01   2.0103453e+00   2.5487760e+00   1.0229301e+00   1.8542502e+00
   2.0000000e+00  -1.9798140e+00  -1.1935201e+00  -9.4266836e-01  -2.1136517e+00   6.7832067e-01  -1.0131226e+00  -1.6989004e+00   2.0644114e-01  -8.9856881e-01  -1.5495137e+00
   1.0000000e+00   4.9489675e-01   5.6431244e-01  -2.6577609e-01   1.0781091e+00  -5.3168760e-01  -1.2854739e+00   1.0608232e+00   1.8752065e-01   3.7730770e-01  -1.2427732e+00
   1.0000000e+00   2.9645527e-03   2.2510909e-01  -1.4713562e+00  -8.9972444e-01  -3.5250791e-01   2.1982962e+00  -7.9161967e-01   3.3066392e-01  -6.4665682e-01  -5.4174805e-01
   2.0000000e+00   1.4607961e+00  -7.0399310e-02   3.3430785e-01  -1.5631117e+00   3.3780954e-01  -2.6811913e-02   1.8356491e+00   5.6890893e-01  -6.1598274e-01  -6.6041946e-01
   2.0000000e+00   2.9304450e+00  -1.4053733e-01   2.2895826e-01   2.7331874e-01  -3.7674322e-01   6.0528390e-02  -5.3353753e-01   9.1163669e-01  -1.4757367e+00   6.8164561e-01
   2.0000000e+00  -1.0783815e+00  -7.7462041e-01  -5.0683583e-01   1.2945185e+00   2.4910768e-01   4.3485932e-02   1.4532818e+00   5.4276670e-01  -1.3125965e+00   1.0389993e+00
   2.0000000e+00  -1.1828592e-01  -1.1774055e+00   2.4485679e+00   9.5746290e-01  -7.7700404e-01  -5.1128460e-01  -2.4123479e-01   1.2881455e+00   8.5865123e-01   4.9382489e-01
   2.0000000e+00   2.7520080e-01   9.1931961e-01  -1.3927798e-01   1.6719379e+00  -2.0526243e+00  -2.4504218e+00   2.9662573e-01   1.8298819e+00   6.4271344e-01   7.9376675e-01
